-10,-10,100,100,1
-10,-8,100,64,1
-10,-2,100,4,1
-10,0,100,0,1
-10,2,100,4,1
-10,4,100,16,1
-10,6,100,36,1
-10,8,100,64,1
-10,10,100,100,1
-8,-10,64,100,1
-8,-8,64,64,1
-8,-6,64,36,1
-8,-4,64,16,1
-8,-2,64,4,1
-8,0,64,0,1
-8,2,64,4,1
-8,8,64,64,1
-8,10,64,100,1
-6,-10,36,100,1
-6,-8,36,64,1
-6,-6,36,36,1
-6,-4,36,16,1
-6,-2,36,4,0
-6,0,36,0,0
-6,2,36,4,0
-6,4,36,16,1
-6,6,36,36,1
-6,8,36,64,1
-4,-8,16,64,1
-4,-6,16,36,1
-4,-4,16,16,0
-4,-2,16,4,0
-4,0,16,0,0
-4,2,16,4,0
-4,4,16,16,0
-4,6,16,36,1
-4,8,16,64,1
-4,10,16,100,1
-2,-10,4,100,1
-2,-8,4,64,1
-2,-6,4,36,0
-2,-4,4,16,0
-2,-2,4,4,0
-2,0,4,0,0
-2,2,4,4,0
-2,4,4,16,0
-2,6,4,36,0
-2,8,4,64,1
-2,10,4,100,1
0,-10,0,100,1
0,-8,0,64,1
0,-6,0,36,0
0,-4,0,16,0
0,-2,0,4,0
0,0,0,0,0
0,2,0,4,0
0,4,0,16,0
0,6,0,36,0
0,8,0,64,1
0,10,0,100,1
2,-10,4,100,1
2,-8,4,64,1
2,-6,4,36,0
2,-4,4,16,0
2,4,4,16,0
2,6,4,36,0
2,8,4,64,1
4,-10,16,100,1
4,-8,16,64,1
4,-6,16,36,1
4,-4,16,16,0
4,-2,16,4,0
4,0,16,0,0
4,2,16,4,0
4,4,16,16,0
4,6,16,36,1
4,8,16,64,1
4,10,16,100,1
6,-10,36,100,1
6,-8,36,64,1
6,-6,36,36,1
6,-4,36,16,1
6,-2,36,4,0
6,0,36,0,0
6,6,36,36,1
6,8,36,64,1
6,10,36,100,1
8,-10,64,100,1
8,-8,64,64,1
8,-6,64,36,1
8,-4,64,16,1
8,-2,64,4,1
8,0,64,0,1
8,2,64,4,1
8,4,64,16,1
10,-10,100,100,1
10,-8,100,64,1
10,0,100,0,1
10,2,100,4,1
10,4,100,16,1
10,6,100,36,1
10,8,100,64,1